50
21588 21588
23593 23593
49023 49023
82204 82204
98047 98047
122795 122795
133124 133124
210184 210184
220860 220860
246614 246614
273946 273946
315267 315267
322932 322932
339063 339063
342060 342060
356389 356389
377632 377632
394770 394770
432181 432181
459913 459913
495088 495088
496163 496163
523384 523384
523624 523624
536812 536812
590577 590577
601449 601449
626153 626153
660939 660939
695766 695766
728213 728213
738891 738891
750541 750541
759185 759185
761972 761972
768845 768845
781022 781022
808929 808929
819371 819371
867015 867015
887590 887590
959224 959224
975503 975503
992531 992531
995664 995664
1001935 1001935
1010753 1010753
1010755 1010755
1030133 1030133
1032331 1032331
200
987416
695766
781022
975503
995664
530536
145467
609213
196741
992531
523384
210184
702990
975503
1032012
402918
916628
380146
797938
956181
21588
342060
187476
614996
695766
859671
510312
550804
17324
21588
520916
459913
854465
771015
60993
975503
269249
98047
728213
926874
995664
961692
966817
1001935
225922
510257
990132
459913
536812
1025040
458928
536812
1032331
122795
916986
214939
322932
843969
652429
82204
49023
495088
705840
156883
274362
1001935
1010753
412277
695766
65150
819371
1008646
459913
394770
23593
992531
23593
531204
990136
983776
1010755
808929
866316
1010755
879358
817116
780509
204577
888761
536812
943753
206894
342060
808929
886900
170098
660939
122795
781022
342060
577699
493764
1030133
49023
771713
192769
217949
575050
792835
459913
1030133
555756
98047
1032331
210184
815432
1004144
820322
523624
49210
682026
537823
586857
536812
808929
273946
436579
648320
237415
21588
601449
877621
961647
921249
965826
590577
1030133
122795
781022
695766
38
273946
339063
781775
597493
1010753
808929
1010755
995664
878609
523384
315267
782116
340263
377632
781022
660939
523384
307548
1010753
122795
133124
1032331
99302
322584
49023
683573
638079
379269
992531
976546
208884
94909
23593
771388
210184
861308
122795
334236
750541
573946
915222
649414
342060
1010755
171584
660939
995664
425242
361054
1010753
787074
758561
92507
21588
1030133
959224
24414
759185
1007598
