12
1 1
4 5
10 13
19 26
32 47
51 82
85 148
151 278
280 535
541 1052
1057 2080
2085 4132
500
97
1874
2706
1078
4078
3665
1968
1538
637
754
3028
2815
392
2046
2029
1462
369
2902
3867
715
1205
1425
83
2892
3823
3327
962
821
2062
117
1334
2351
2247
1758
2255
3053
4048
973
2497
392
1791
3314
2570
832
2413
1862
2064
76
1075
854
3575
850
916
414
573
26
2117
3800
562
732
3061
2042
4081
2082
2504
432
3967
294
2028
3956
121
1307
157
2837
3035
3819
3588
791
3668
2682
2287
1583
366
1692
1880
311
868
660
1389
1970
981
564
1449
3913
1918
1394
3543
1382
601
3918
3841
3389
2478
848
3780
3571
2398
2795
1705
929
1536
3043
782
3033
739
3595
76
2750
873
319
956
3883
2011
1938
2854
1924
3024
2540
532
2919
2963
3112
2438
2744
537
2230
629
1481
2677
4014
1870
1091
2776
3780
349
3121
175
1074
2864
3692
1258
299
87
1153
3463
1035
3140
4087
141
362
1066
2469
955
3972
374
2589
3155
1662
713
2055
482
2092
1223
2767
205
545
853
3539
830
2200
1698
3377
853
2178
88
445
565
1481
2780
3997
11
2889
1399
3677
4124
1058
1613
3858
3525
2750
244
53
3450
461
1271
3518
422
1118
1052
1957
2241
311
3329
2434
3653
838
2846
3093
508
1301
3850
1696
1121
2050
2050
2262
458
1548
1571
47
137
73
2778
4021
1304
3004
3608
1861
1061
1382
3184
3544
3924
1281
3387
1884
1095
148
3399
2422
2680
2853
472
1539
1388
3849
321
2762
3880
548
16
714
862
446
2777
3717
2348
3198
208
126
2977
1716
591
48
3744
1467
3347
1883
1316
2161
661
480
407
1871
2850
563
1566
3425
3835
1643
3473
3289
2654
689
2960
414
3297
3959
3647
1842
2823
161
2049
1321
2102
3658
588
152
1247
3935
1516
2067
2427
3334
1823
2129
2234
4080
2327
3871
199
3989
3680
517
792
924
1913
3970
1262
23
2782
1864
101
483
807
4046
99
3046
3586
93
1341
738
3263
3252
703
1858
1088
1749
2838
3584
3785
1415
2046
1570
1441
1383
1813
507
401
110
2458
658
536
2931
2408
2084
2053
3514
3253
2626
976
500
2725
3288
2102
3961
3099
3084
2470
1474
3260
1409
856
666
904
1673
506
2467
2288
1320
1308
3040
324
1618
767
84
50
3596
2262
2033
939
977
2942
3741
2680
1909
2763
370
1806
2897
3971
1153
2347
2384
4033
3165
1476
2797
2917
1773
2737
1163
165
3382
1039
2057
1543
2450
56
2192
2005
1079
1502
402
2776
574
2314
1097
3819
578
669
238
498
290
184
3059
2818
2731
2682
2800
1957
372
988
745
4088
3136
2455
240
371
3316
161
3267
3774
3212
3721
2669
1243
714
222
587
3511
726
2629
3501
3566
1463
1775
3451
3974
205
1604
94
684
1416
2847
3534
1681
231
2838
93
1864
1781
2160
2888
3513
331
662
2515
1884
2975
