200
1 2
13 13
16 31
39 39
46 109
119 126
129 192
200 231
234 234
243 243
246 246
249 250
256 287
294 294
296 311
313 316
325 325
334 334
344 344
351 354
356 356
359 366
368 368
376 407
415 418
421 421
431 446
453 453
460 461
468 531
534 549
556 587
591 591
595 602
606 613
621 622
627 627
630 630
634 649
660 663
668 683
693 756
764 764
771 802
812 813
821 821
824 887
896 896
903 966
968 975
978 978
982 982
987 1018
1026 1041
1043 1046
1051 1052
1055 1055
1066 1097
1103 1110
1120 1120
1123 1123
1128 1131
1138 1201
1211 1218
1228 1291
1296 1303
1310 1310
1316 1331
1337 1340
1344 1344
1347 1347
1356 1419
1423 1423
1429 1460
1470 1485
1489 1552
1559 1622
1627 1634
1639 1642
1651 1666
1670 1733
1737 1738
1745 1752
1761 1768
1773 1788
1799 1802
1808 1811
1822 1829
1833 1896
1905 1968
1978 1981
1985 1985
1987 2018
2022 2085
2095 2095
2102 2109
2111 2114
2121 2128
2133 2134
2141 2204
2213 2214
2216 2279
2283 2298
2302 2333
2340 2340
2349 2350
2352 2367
2373 2374
2383 2414
2422 2422
2424 2427
2432 2432
2435 2450
2459 2459
2467 2530
2534 2534
2536 2567
2570 2573
2578 2581
2583 2614
2617 2632
2643 2644
2652 2655
2660 2661
2668 2668
2679 2742
2753 2816
2827 2830
2841 2841
2849 2852
2863 2894
2897 2898
2900 2900
2903 2903
2909 2909
2917 2918
2929 2936
2946 2949
2955 2955
2960 2991
2999 2999
3002 3003
3005 3036
3043 3046
3049 3049
3054 3057
3065 3065
3075 3075
3079 3079
3088 3119
3129 3136
3138 3153
3159 3190
3197 3212
3219 3234
3241 3272
3283 3298
3308 3339
3345 3408
3410 3413
3417 3420
3430 3433
3438 3438
3442 3473
3479 3479
3483 3546
3554 3554
3556 3557
3567 3630
3640 3703
3709 3772
3781 3788
3799 3799
3804 3804
3815 3815
3820 3835
3837 3900
3911 3911
3916 3919
3928 3928
3936 3936
3945 3948
3956 3971
3974 3975
3983 4014
4022 4025
4029 4044
4054 4054
4062 4063
4072 4079
4085 4116
4121 4121
4123 4126
4132 4163
4173 4188
4199 4206
4209 4209
4212 4213
4218 4218
4228 4228
2000
4637
143
3647
1279
5173
3153
4400
2644
1786
4059
4049
2714
4132
745
1846
2228
1959
3211
5042
285
5041
1129
2184
3210
1288
613
2266
293
2429
2689
3802
4094
4582
1817
2379
4912
4325
1664
1594
3989
4771
2762
4569
5068
4925
4631
2228
3463
552
2204
417
559
4046
1239
3740
1568
1686
769
3772
4843
1871
3664
724
518
2742
2447
2502
4017
3021
718
296
3203
1736
3214
155
4867
2224
1747
2962
893
5136
344
2845
4319
2760
3474
374
2914
602
3102
871
1934
2781
4648
5004
2903
4330
2341
3027
3626
4547
2751
3734
3992
4906
1080
5212
1642
2605
2124
2583
3848
1152
5109
874
1094
1826
2298
1069
258
4424
2896
4946
552
3437
3268
3609
1626
4420
965
4779
404
2438
5141
1556
5126
3015
896
1663
4533
3428
4434
235
188
4751
3900
1802
4393
3931
895
81
4113
7
4658
5020
3961
1323
3662
200
976
221
4025
2243
1600
3892
1990
2168
1234
3615
1831
636
4734
5075
3320
153
2862
4855
844
188
4944
4597
5148
3778
4729
3215
5213
3988
3257
931
4300
180
4334
2280
4274
4687
447
5226
485
3360
1809
416
3599
4544
2428
3812
3964
5166
4278
2998
2375
4911
4790
4085
2473
3014
1497
4730
2396
3728
3258
3691
4874
2443
495
1743
2843
2080
2309
5016
1305
449
1955
1613
3363
2852
23
323
3328
4222
3662
5161
2578
1278
2496
2915
4322
3576
5175
3406
2529
192
2606
1675
5203
3974
2388
263
3018
4589
3126
829
141
4879
3916
1317
1913
680
2273
837
2322
2305
4631
3026
5220
3075
1772
4377
2395
3473
167
1020
4949
5012
1296
814
3752
3766
3535
2610
1727
518
1453
2064
2054
2664
4104
1335
192
4986
871
4540
2121
4666
3365
485
2881
3176
2259
4525
1575
1808
84
2894
2838
2163
2081
4340
3713
525
1006
4338
4560
547
1581
3458
3216
2116
3620
866
5159
4124
3262
2695
3915
4358
2832
4320
5097
2021
1730
459
331
507
2223
2407
3161
3018
4396
1090
1478
1917
2551
4866
383
2232
2858
5015
1082
2419
4269
4373
2558
2523
97
1772
600
4433
3165
285
1112
3045
3756
4697
3028
4842
3786
818
3846
946
4925
3988
2698
3897
3846
1763
4483
2774
1729
5048
4275
2065
1553
3625
4278
3029
2580
5212
1252
1132
337
1280
455
3002
2039
1775
530
63
3032
2200
2594
3333
2449
1708
900
4916
3159
2288
1698
2697
2832
4024
4408
5139
2400
463
4246
1205
4024
3647
2574
1002
168
5148
1083
957
1493
5210
3656
2192
387
4167
1352
978
3833
4330
2689
1672
4526
358
1539
534
2301
2652
580
4219
1723
4870
4929
3040
1166
3999
1542
2320
3389
3500
4069
1982
1754
4210
3705
1207
1554
4329
391
4268
2833
24
2582
3761
5052
5189
2381
648
3299
728
3639
4064
4080
4085
1282
5150
4323
5178
3349
4166
1053
141
1722
4973
287
1043
3562
2164
1833
51
1646
2039
1690
935
3827
3055
3319
4842
5016
4503
1987
2614
2346
449
2168
3189
282
4013
222
72
3113
1933
1293
1844
1016
2980
2630
2647
556
646
4969
3152
4040
4201
3773
2291
1654
4073
4479
120
2982
2619
1040
62
4215
2452
4782
2481
4843
1154
3132
3107
427
1894
2515
5046
2437
3573
2386
295
46
4268
4540
3084
2067
1889
4308
2182
2368
4879
2906
842
3495
4082
3508
1
374
5124
5158
2392
3731
4033
2152
5134
4468
1469
5101
4231
674
4966
446
2065
305
209
4548
395
3013
3859
3231
4276
4700
1871
542
1081
4501
3982
4394
761
1503
470
1498
3929
1881
1998
1091
1333
3423
4266
2161
620
1136
1456
4096
725
2004
3875
2347
1945
836
2646
5091
682
1068
4278
3472
3183
1384
4568
4279
3533
4037
2145
477
3960
96
483
1478
3199
4293
2761
243
1833
1851
2218
422
5040
3155
3849
5196
3082
2472
2391
4974
1651
4254
4255
2630
849
560
1720
1658
4356
4663
3681
1515
43
2307
302
4534
878
2720
1704
3672
949
4036
5135
2262
2644
1328
4523
1284
429
4041
544
1815
451
2596
688
102
3031
3486
3820
4461
4186
1307
1456
1711
1491
3410
476
5173
2905
2443
3110
3008
1998
4819
3906
1902
5048
4886
3629
22
1812
562
2142
2411
2003
4668
4900
618
3690
329
4734
2137
493
3127
5017
68
2859
774
2828
3936
3620
4271
2351
454
1925
2870
2384
5171
3006
1372
3331
4416
3187
1098
3449
4220
3500
3520
9
3082
5214
5055
1414
3411
1886
2323
855
3879
1308
4251
787
4918
4566
4504
3905
2450
1315
3372
710
3460
2296
2103
1837
3707
150
724
1837
3229
1948
4558
3868
927
1015
3719
2737
4481
2076
3802
2306
2184
2868
317
3088
4069
1438
1047
4807
5005
4135
4341
3182
2114
1874
4675
2485
1816
218
3883
5006
840
931
4533
3064
4504
1840
707
523
4199
2713
3002
3656
2782
1964
3710
3438
4152
1861
1819
981
3926
2254
552
2335
4282
827
866
114
375
1113
1660
5080
4308
1680
3977
4224
1510
2711
1613
1632
595
4559
3378
1606
2027
1987
4134
4268
4220
1476
2586
4589
4836
2910
2774
341
3222
3543
4919
3589
4189
735
3026
1755
1562
805
4426
332
5023
3854
1084
1236
1467
1164
5212
3242
3035
4707
3710
2295
5154
1043
452
2546
4205
183
4624
1693
3674
2450
277
3157
2524
4796
5170
1734
1854
1494
499
4556
2570
779
4316
1849
5003
497
4902
1680
820
1432
1582
3554
3433
4782
1113
3512
1403
2012
1498
954
1151
4584
4237
4438
431
4527
2235
4220
2868
3287
526
5106
2820
2068
3686
3399
1345
3733
3270
1029
325
5171
85
817
4674
4997
1708
4286
2561
1459
1554
1070
5003
4792
991
2201
3762
48
2695
267
3431
3975
1048
5178
4467
2063
648
190
3852
4424
3355
202
4075
5219
948
124
341
1636
4116
1871
3305
4049
2892
740
3657
2638
1945
4829
3335
2926
3527
4861
4199
4801
3903
1087
1110
2980
3569
1307
2819
290
1073
3196
1780
3904
4575
4481
3662
4906
2575
4534
4134
118
5134
394
1338
1892
146
564
619
3234
350
4674
3579
3460
3440
410
1561
3261
1946
3860
671
4971
4067
1352
1867
329
1738
323
4118
2273
5138
279
2666
1060
1016
3962
5175
3905
4846
5202
5031
2923
5095
4276
815
817
868
654
5105
3928
5168
3677
5050
670
3359
5201
1812
1104
1906
696
398
3841
3705
2819
1593
2607
200
3640
1439
1728
2183
3893
1344
3685
1786
2864
4688
159
1450
1795
4001
3106
1991
4180
236
4728
2050
735
2813
184
2131
768
4733
933
300
4730
816
5072
1957
1294
4378
640
4571
604
646
4983
3169
2485
4526
4685
1991
4881
2575
2650
4892
3958
4485
2164
3912
2533
103
2913
3626
2639
1770
2317
4897
4290
303
2723
4496
4462
924
3077
567
4670
4947
4781
2700
4806
4450
3904
2310
3422
1123
1803
3680
1265
925
4316
1353
680
1891
4157
4371
4265
5055
3516
1755
2175
3851
5199
2031
300
4414
1804
3041
3598
2452
4943
3064
598
207
3605
2656
2953
851
861
4268
1055
490
281
4668
1360
4658
796
4121
5221
4781
1752
2005
3255
3311
2104
2099
4300
5158
639
2733
1048
4642
4634
4519
1792
3245
3702
5165
1938
2283
1625
1724
4095
552
3300
1614
1334
2184
107
265
3793
4361
3675
1088
5034
3067
3766
3776
3955
3428
1326
1851
4845
2386
2631
4919
914
1506
1434
1409
3006
3160
4748
41
1946
295
4571
2754
4536
4754
1168
4877
3168
1826
2489
1598
4759
1953
1259
3128
1953
4471
800
4768
190
3724
211
235
1739
2112
398
4830
3608
2138
1539
4380
1824
586
3928
2214
4328
3468
588
3825
3370
1621
2275
3133
182
4324
46
207
1683
4084
2459
3578
3276
86
968
2391
115
1063
1048
3267
622
5228
215
1473
2122
4232
1121
2644
1348
609
4629
3413
3142
3632
3494
150
3125
3370
370
1077
454
2876
5127
1174
4891
2804
1021
5101
638
605
5121
2878
1528
3785
2894
1991
1610
2173
2111
4969
739
1521
934
1528
1816
4544
4804
53
1442
3297
3659
466
1577
4692
1632
1934
620
1353
3910
79
3391
4584
2486
519
21
2012
1254
1
1174
20
3147
1916
1714
2283
1451
2948
2268
4163
2896
5059
3543
2562
4671
866
3417
4679
3605
3462
2047
1501
3665
4813
1351
1166
4649
2891
1290
2330
3904
4630
1542
4729
4467
2613
4976
1009
1274
4461
1711
4250
750
4202
1621
3321
3474
4829
1355
2949
156
63
5089
1817
4304
2744
2793
1993
2343
1403
1693
1233
1874
4705
2000
2724
5130
2937
316
3219
2641
1836
5164
3042
4685
1789
1085
4046
2777
3898
5202
629
1500
4557
4360
657
2899
3129
2029
3999
3122
4069
1287
217
1160
3069
1514
4903
4316
2920
3349
2204
1070
4438
2909
2742
5055
1782
2514
4202
1624
3958
2092
2439
2134
3268
3686
4484
614
1645
3699
4083
6
688
4428
2530
4755
1939
1169
120
172
4548
2001
2300
896
317
4196
4556
631
1551
3826
2238
1682
3049
149
4993
1871
4143
1532
1741
4723
4725
206
4739
2443
5117
4777
668
786
2019
3563
632
3563
4830
3698
1482
853
640
711
4808
2955
4591
3307
407
2462
2627
4636
2556
1813
3141
1722
3947
571
2284
2717
63
4450
2540
1537
2060
3117
4671
3594
4465
4556
756
3285
3546
590
5105
1825
4868
1452
1419
1579
152
1718
3079
2816
2763
2741
4995
698
4045
4130
2012
3621
3136
74
3901
2495
4314
2355
2937
4
4617
1994
4867
2269
267
891
2172
744
2858
172
4947
2072
1339
1533
3640
5162
544
2230
3729
600
4742
1900
1569
1623
4267
1440
2086
3827
711
4676
961
3016
4083
3385
4034
1954
1173
3661
1736
4633
4053
2595
4147
1311
5067
1166
2355
5216
347
3496
3753
2387
4714
5149
1207
3301
1
3711
1569
440
3698
4602
1655
2019
2630
1119
1344
160
49
2037
4955
869
5215
1016
3465
1444
2790
2975
253
4220
705
3178
4135
786
3867
1929
2599
4302
2743
1393
782
2173
5235
1534
4425
4736
1316
4719
2375
2594
4928
2630
3630
3991
4223
4905
3947
3893
405
3975
3208
4450
3088
4939
828
2872
5061
3821
4531
2290
4303
4043
3671
4370
2887
1888
207
3760
950
208
185
322
4926
2819
4009
4733
2277
42
4105
1388
3740
1016
3174
3090
4180
1657
1584
762
1110
2330
4577
4951
1887
619
3240
569
4691
3870
1995
3882
663
1686
4159
1926
2243
1950
2721
2289
5035
4552
2814
3135
1606
1762
2515
5013
4268
124
134
2301
1108
4903
3347
569
3478
97
143
4638
811
2303
5136
3594
3776
1392
1742
3196
3713
5099
4522
1624
4650
1525
3945
4104
3879
5133
576
2108
3562
109
2499
91
438
803
3648
131
1516
512
2948
1328
1736
1668
3325
3985
2664
1629
5067
5072
316
2956
4604
2630
1709
3154
852
3282
2481
265
4756
4465
3217
2771
1682
2710
4281
2695
1080
2314
79
2444
2147
2812
1352
1790
2992
4066
1730
1448
2760
4044
2831
1272
4234
5041
872
56
2051
3510
5073
1383
3973
1959
4679
3888
3393
5104
2054
890
4355
3724
5021
913
4416
3141
2964
4113
268
998
2155
3919
4024
3668
4719
3435
2387
1762
3852
1108
4859
4576
5216
3699
3578
2089
527
2699
2091
625
2685
1792
4745
1206
4806
87
292
558
922
1396
2722
4844
1128
589
3139
4804
1228
3894
2176
2009
1223
2764
2723
3628
354
666
2026
1818
2766
922
1951
24
4036
3731
556
3147
3894
3044
3134
1814
3448
4921
1523
3008
3270
4736
4035
1746
5112
1426
101
761
1678
3732
908
1879
947
