3
15
9 -15 -9 -12 10 -9 -13 -12 -9 -1 6 -1 -13 -4 12
14 14 14 7 -15 -4 5 -6 -10 -6 -9 -11 12 5 -11
-3 2 10 -9 -2 -13 -10 -2 1 14 2 -9 -9 -12 -14
20
7 -14 -13 -6 -6 -11 -12 -5 4 1 9 12 -19 -3 9 -17 7 17 -4 -16
-1 15 -19 -3 1 5 -8 -12 -5 13 -17 -9 -20 9 -20 -9 11 18 -17 4
10 3 12 18 20 -9 4 -11 -11 -6 -15 6 -16 -1 -2 -4 -9 14 -20 3
25
-20 -25 8 18 -10 -9 12 10 3 -10 16 16 -3 20 22 -14 -19 -3 -10 -24 4 -4 -3 14 -20
24 -15 -1 -20 15 11 10 5 23 -6 -4 -12 9 10 -2 4 -16 24 9 21 -6 19 -24 -25 11
-17 6 12 21 -17 -1 -8 12 13 4 -19 1 4 -3 17 -2 -24 -13 -2 -19 -5 5 7 -19 -12
