30 3001
1 1 209223504 786469611
1 1 947757340 535406658
1 3 482074721 329694667
1 4 385094309 264222921
1 3 297988089 174980775
1 2 709618059 777696871
1 6 761595343 946536077
1 5 368781205 201567362
1 2 95826542 752097046
1 9 83643908 885105294
1 11 438206207 493178349
1 8 215208065 656740368
1 6 220360280 583978839
1 13 344692402 401749664
1 13 211207417 935972880
1 5 726414979 709005634
1 14 81956732 130466812
1 16 577139820 611312518
1 11 447838532 240965286
1 15 922690095 387940370
1 8 112775403 307015130
1 13 360538530 188962955
1 12 590741284 816752670
1 21 90114517 91788348
1 25 828101432 401960107
1 3 649731679 956294115
1 8 765561011 182590731
1 8 29340820 228864345
1 3 333594217 258278097
1 8 138365186 203997196
1 10 573877134 244378765
1 2 634336120 913594460
1 25 41517566 821812012
1 21 493015252 372357605
1 10 556951096 206705797
1 32 450749223 938090817
1 29 232456301 408966923
1 18 304746270 969839566
1 1 885113967 288381173
1 27 152246361 458968801
1 5 714151821 930767453
1 26 872553995 506540735
1 21 331567318 225207526
1 16 955903337 462972055
1 23 505393515 365091084
1 10 806795112 34603702
1 41 983583447 792539791
1 40 928639872 395264938
1 43 845465883 375810009
1 28 159957963 811385178
1 46 884738390 555390389
1 21 580773708 752939101
1 9 860575223 355752831
1 47 766508117 470163808
1 8 860984432 985492745
1 28 738941770 639571242
1 54 828395744 474136861
1 9 359519960 653391080
1 16 430345841 557326635
1 29 515938481 315273358
1 16 966928304 899390463
1 38 879303455 95991267
1 7 569982882 472977396
1 46 203117501 74599816
1 46 920245618 545860848
1 42 989842102 60610488
1 34 363396884 809494321
1 21 755742375 593534564
1 41 637280587 48055483
1 70 644935806 208115280
1 51 360154759 943364545
1 63 425997496 514142038
1 23 140273398 646143821
1 7 184473003 798999497
1 35 607864465 877741533
1 70 538275334 5014618
1 73 51149567 840663785
1 9 397826147 667412275
1 71 387050652 930817589
1 31 849216808 390380919
1 13 288132140 183828343
1 30 734263458 631185277
1 43 100232279 112401918
1 43 224101323 785710124
1 66 169213605 545005171
1 56 719203801 997540263
1 62 694616550 461176861
1 12 34723424 588236624
1 44 143698334 901703617
1 19 619471150 182916056
1 11 779914335 389376916
1 23 337120515 661578396
1 76 384590140 288772232
1 60 825370231 18931157
1 49 14097043 761512923
1 96 383983563 249738234
1 96 243751017 711588257
1 15 12171876 778667207
1 4 302817942 724815504
1 97 235607442 664602803
1 94 729217587 114437155
1 54 935504010 681644720
1 68 711412508 479356947
1 82 24360454 574191443
1 4 267579468 429652883
1 43 765490708 898544220
1 19 461597621 985586772
1 58 116588471 905889438
1 68 535592243 368135811
1 59 88079766 7241988
1 11 123829940 363010575
1 19 950415960 34213877
1 26 675382874 552783416
1 103 12082584 913858908
1 9 73425391 382892830
1 67 741476666 776969119
1 32 84578409 801307289
1 103 252418976 894247834
1 25 546963168 910687599
1 24 695716284 206289146
1 17 836249935 33085172
1 103 597482195 823915074
1 109 608863374 923780320
1 30 41410598 397134513
1 103 866529214 854458593
1 3 15699790 606278892
1 30 267413960 430252213
1 110 181873952 584083889
1 16 481476874 87483679
1 22 741973629 779323841
1 53 444831893 415548423
1 27 920723834 642925691
1 76 460516119 876856265
1 129 586210306 165329407
1 42 327097973 791412685
1 125 447963596 979712081
1 67 773880166 948012917
1 49 6548981 302708663
1 97 202740477 194188940
1 83 247964803 766098261
1 93 545221494 992251600
1 78 238142177 915438619
1 98 185825842 438461882
1 19 469105559 5669124
1 119 891854468 249674922
1 26 245382844 629017851
1 126 893263703 587998597
1 31 644459925 969409024
1 92 669488852 607693864
1 98 769966197 872422867
1 73 154828832 271917366
1 126 961482610 544224237
1 10 806289130 280479376
1 41 931309533 135370364
1 67 784865402 637178218
1 120 502964455 286501859
1 130 866661467 753661111
1 90 67052557 8754688
1 28 590732813 742831822
1 119 479261985 846777017
1 105 881678650 431852644
1 129 131818525 22959239
1 119 53689071 374602051
1 116 28074246 233623678
1 119 119207888 768817018
1 76 132605246 104021600
1 103 239924796 77424951
1 8 543219399 306570971
1 81 540722038 613097363
1 164 95307729 280020229
1 39 428298558 219704230
1 47 144748456 431153723
1 164 264164193 724985210
1 90 782584903 905094864
1 164 148482171 555300945
1 94 889761183 132521493
1 92 256156377 97879521
1 16 173376001 376880525
1 32 81173799 638110736
1 114 345540870 597406662
1 9 690380709 363685118
1 171 385537278 727732415
1 125 392996798 484162876
1 30 799369969 869732269
1 74 985469593 632004856
1 185 78614621 898663919
1 43 301658335 144343192
1 161 591881793 44675741
1 57 489996154 437201240
1 157 697724867 872639023
1 186 191370290 408117423
1 74 126402002 355331093
1 33 235649772 841727792
1 124 13619480 426343047
1 65 391552300 371163275
1 24 947579889 90051275
1 134 314555029 553033439
1 161 349464321 501514325
1 110 722870575 408812114
1 42 47970226 396521006
1 182 716874677 527929701
1 23 932549783 622705550
1 14 48293372 696024461
1 172 316711595 125844398
1 118 266079571 30103118
1 5 798962329 338791730
1 82 461081809 866416473
1 192 511277311 390249980
1 188 557891276 313365588
1 156 426203289 314451884
1 66 4631235 162590347
1 142 627580814 59761893
1 201 247929321 49418272
1 119 846377977 292438407
1 125 17153045 849120233
1 5 18857052 377737283
1 32 3119877 475885688
1 138 858375386 59920476
1 124 567666683 895332578
1 176 423738914 301660583
1 217 110043763 878324819
1 192 140580816 865378351
1 66 12564559 298335172
1 59 441157890 96453215
1 162 200888552 190279930
1 194 741458789 301549189
1 137 27698955 56272474
1 225 789294056 728056990
1 82 4147767 354181935
1 100 8225688 677254153
1 170 222632385 973758249
1 140 540370750 850393968
1 191 933503505 658630109
1 28 957067185 940801471
1 10 467824173 936858230
1 15 180297457 354579854
1 149 268989453 142799650
1 236 936903217 400351274
1 187 444494912 814424409
1 216 360380102 153197802
1 211 515211568 870537533
1 145 400629277 121373296
1 169 496744112 604113135
1 120 443729455 697053522
1 177 519297223 69197933
1 244 20035009 967357641
1 64 471749808 196669637
1 13 851530659 353268340
1 194 773115623 762445723
1 215 574413138 91609025
1 50 809561081 542965115
1 78 225576135 592397244
1 103 49557374 310790943
1 72 442300232 473975755
1 198 232841800 651645104
1 44 568122084 114332731
1 231 119646882 527309961
1 230 967893483 651728535
1 133 504384077 579276065
1 74 486090984 565379371
1 39 50265376 784636772
1 156 260968718 639524392
1 108 138153618 389043185
1 152 581350929 390973958
1 162 393879057 996128865
1 181 840871051 387301307
1 252 344559083 660277452
1 228 866013774 34755206
1 53 180030046 32990336
1 151 702966420 574845925
1 66 387485177 261329659
1 123 657064255 790968606
1 218 857898402 975975546
1 240 779686509 649679343
1 266 67013301 938266922
1 161 434260825 223732642
1 242 371682385 449866569
1 8 555833231 531856003
1 14 17436355 433806793
1 213 909338134 2272986
1 265 652373746 876267724
1 135 613646612 100012967
1 263 40302617 722328869
1 11 247136020 617365390
1 273 116539928 481129043
1 128 779359908 60380593
1 242 50980405 393550198
1 147 78783981 818607795
1 111 234493023 421647210
1 127 127500917 695677064
1 158 747735859 43134858
1 230 440890501 136791866
1 45 831071288 646420089
1 81 413488237 464212019
1 153 11802271 124807347
1 246 144274127 380998017
1 228 724560612 805644482
1 6 141203214 524667565
1 1 820763310 391887681
1 78 81542590 109692972
1 101 628563 867483678
1 270 674549907 584152378
1 29 369116399 337383253
1 163 754940774 860245910
1 279 296610211 933003968
1 11 621554134 390217619
1 142 13375777 246361461
1 293 447094449 226761707
1 167 692164274 391189543
1 280 132205346 303198715
1 47 944617908 144540685
1 203 776400580 974134567
1 241 346372645 436824108
1 25 651899615 252971503
1 89 855289898 759261507
1 296 369563573 32530763
1 308 795793273 88175597
1 197 166207616 226195394
1 298 851556545 791441414
1 305 918508795 336476430
1 160 112554553 776619216
1 257 944494543 228761706
1 230 389839729 294227629
1 288 628489115 800344120
1 311 646050376 594090082
1 317 386119878 700424504
1 9 849817628 281554325
1 127 95883149 393583709
1 9 5902367 657388505
1 234 105815071 208626945
1 97 702860334 77698659
1 322 9039262 517596660
1 97 719967327 390069753
1 193 899536092 476657488
1 224 427751025 931578723
1 272 84531991 410746714
1 105 214530293 393559259
1 240 145230037 445753394
1 315 348913571 701298811
1 193 363308120 945024059
1 264 74174450 98790477
1 14 676875543 513870508
1 338 642529250 379898074
1 319 161817928 750241856
1 143 502664110 509050506
1 199 329372444 920906490
1 1 367085634 432564225
1 257 567726791 117989617
1 6 392675481 350774669
1 37 103138236 592843596
1 84 137045674 12428200
1 17 185193565 102429378
1 171 331802888 695469198
1 6 71451325 682012403
1 105 319899213 973765192
1 165 62534284 714423463
1 55 735719212 525691705
1 30 127115679 632291638
1 229 850609786 648284638
1 261 8665443 136372034
1 360 668832689 985677084
1 344 315443866 866893770
1 355 344132337 699865428
1 342 94979818 580637011
1 317 651527709 658526822
1 39 859166611 924760157
1 172 207987229 13689532
1 102 552553366 112730750
1 360 332525491 536710657
1 223 755302658 576885536
1 312 803910936 334942990
1 248 357243717 128147190
1 328 497042130 434592550
1 355 18168731 493889077
1 73 975698487 344848369
1 230 325831433 786972000
1 256 636193205 809069153
1 272 577753096 65363256
1 31 176963103 69029267
1 98 369631810 355738539
1 199 709270519 374427067
1 217 24377509 417575261
1 334 538929959 57355845
1 40 773321358 444787283
1 202 190181573 456862935
1 177 401068737 994541796
1 232 382131754 951589802
1 299 57658295 749769851
1 262 843467376 392299678
1 322 460309942 116273352
1 17 916500392 368099372
1 75 762091445 374973970
1 341 766305624 137690912
1 72 495406749 346271613
1 71 378400240 468426294
1 158 230236740 950925739
1 53 334826300 882750473
1 245 185180772 733355452
1 333 992199996 765921511
1 41 351125008 189478453
1 231 398426698 551809831
1 378 778477223 25668345
1 400 457526709 99692710
1 212 364627608 20212767
1 103 898861650 475799402
1 146 893624430 410329568
1 368 457745403 169121427
1 23 795425096 425470971
1 388 860600163 240665139
1 324 237956618 415477798
1 332 178866016 575740630
1 76 162939513 71265908
1 201 106004674 646649287
1 178 146826366 541091963
1 272 816693198 879134234
1 60 931548603 29566674
1 350 508450686 977848694
1 66 101057965 868003067
1 8 992921905 287085561
1 290 715055305 365310772
1 6 362224904 329958064
1 386 271882077 945402928
1 250 998421639 801584756
1 191 574650874 157194462
1 288 404986257 523640307
1 36 624664423 711177763
1 304 767480357 651904550
1 10 965308353 428019313
1 274 848831795 641162396
1 310 143575839 126749631
1 79 875729857 980838233
1 218 811724334 553433449
1 131 304112424 976383457
1 47 252620636 317346111
1 192 572333501 155915819
1 73 12995677 433391252
1 416 908133085 739615331
1 409 208647803 287608062
1 208 410218601 324476028
1 83 142569796 82184687
1 311 89397562 717605155
1 439 630265861 975219398
1 325 354431982 245049652
1 164 769419113 718044435
1 161 145381173 752839862
1 340 140199063 927605290
1 120 424505952 675380437
1 288 503547568 836533836
1 265 761736532 89780228
1 357 920763257 79518010
1 245 736841864 448418663
1 152 444636227 249321030
1 138 948249736 411314309
1 379 697151019 37255560
1 213 328666544 760886684
1 411 855302814 530848955
1 430 518402130 56383427
1 336 941528853 447597459
1 444 585908807 314729524
1 388 60968492 411320239
1 302 435917802 648653121
1 43 712478394 493136103
1 414 991742144 468206110
1 224 971752491 142129433
1 302 497331825 394337443
1 210 982006863 3692651
1 113 548062680 417392450
1 168 74447538 634592402
1 305 846322859 455597642
1 203 904146008 294006496
1 191 779706348 259438809
1 178 355615944 394812298
1 292 819276300 900374776
1 407 880921062 686278376
1 98 257588003 348182350
1 281 466358437 399371551
1 273 94789705 482645298
1 446 819751849 366765154
1 464 969407071 170154201
1 341 614954757 113276200
1 79 26820435 220967709
1 296 492473623 756259113
1 8 140257968 883281274
1 212 735532447 429985830
1 233 406090045 29525369
1 182 955420511 952322013
1 68 150701967 137681516
1 53 522094806 520411202
1 474 78544715 15554853
1 435 929264667 62687376
1 440 934409852 665571480
1 252 217787903 527813949
1 243 906372614 548919174
1 432 125202898 944241878
1 429 268644709 825694773
1 289 101626209 255453427
1 384 697149447 146545698
1 335 951098392 567481710
1 82 833034343 467254478
1 106 585503464 680315747
1 425 806046365 811822465
1 452 854007973 948777661
1 180 934462693 137138334
1 306 5499302 859645378
1 314 114480291 428599797
1 363 743111680 785367026
1 92 209839715 47569537
1 88 758909132 661198841
1 77 194663891 12832842
1 285 897518749 259613445
1 164 696819064 255363217
1 182 441137518 311582079
1 499 178218429 857930012
1 327 502359802 659793906
1 54 152566669 357731716
1 369 645701338 512106915
1 504 952385801 979060897
1 189 340310948 767994429
1 467 210480697 894742586
1 352 992994300 79251365
1 17 950827671 822462049
1 378 82303076 574837441
1 251 891894558 512981629
1 72 731437924 139333865
1 313 270094692 402929576
1 211 272096350 787198840
1 474 916713625 318959038
1 268 429124944 599495255
1 362 902542924 281916023
1 160 682701326 752249976
1 40 645504304 335878596
1 408 454894316 216940493
1 149 238302561 829188861
1 312 766584222 254051255
1 524 967219530 673608890
1 296 19346361 674279968
1 81 188722781 629997602
1 502 111679079 811923621
1 171 118583936 492913914
1 416 884331487 291446470
1 448 688287459 870432224
1 368 760233694 280071791
1 57 938892584 831818740
1 203 891083433 213017358
1 319 918413951 709720954
1 366 132362058 366632766
1 144 791962481 586200355
1 475 790765499 314872755
1 223 61799927 850335338
1 222 517129510 832267381
1 32 947656612 417574887
1 350 894098646 3358224
1 515 336403026 535968491
1 27 954519026 768895020
1 505 954479373 567192261
1 203 998843296 689230292
1 20 713540832 608630056
1 438 12102714 682550892
1 320 37966754 238355770
1 560 625828722 590617972
1 349 837833886 410272679
1 438 356114037 994294426
1 146 680213034 298335668
1 533 673909876 274542431
1 250 614870114 904083716
1 70 180804012 263608055
1 43 44421248 274844416
1 234 718670114 248553723
1 92 873446397 648528875
1 144 680729188 316155900
1 273 544524188 256050143
1 146 835802311 639978062
1 197 374006740 376665462
1 378 759753688 500847980
1 570 353395166 857996602
1 424 997502926 372217794
1 181 629231612 110810720
1 5 651054176 162847467
1 174 446884719 909719364
1 202 421805296 293027782
1 48 923325944 801113009
1 8 508692879 596625156
1 46 445516796 353971058
1 231 372010039 806093086
1 380 808911310 824520829
1 55 290396222 604807863
1 201 231299143 130781467
1 71 601195724 581355120
1 116 144333090 464785319
1 269 83732049 830079145
1 69 604323203 26783215
1 314 115706171 596533327
1 11 646557913 507263066
1 158 454624073 975502618
1 165 785105585 644020763
1 148 609067732 177549591
1 211 587717773 613435667
1 172 44190174 935647239
1 157 217559467 821886222
1 158 348192052 948086009
1 526 963345236 668257845
1 19 500488714 318007220
1 42 538501686 474760413
1 269 290198740 174830153
1 211 876993364 192304380
1 265 46348854 684144812
1 421 378754183 321574939
1 40 498918699 174251856
1 262 791777582 382513330
1 37 910988121 771229997
1 453 559712341 973483888
1 548 440954958 746410186
1 300 938748873 504168796
1 454 305468760 287558271
1 344 754282585 698026645
1 345 175857705 18094342
1 34 920177478 412190786
1 383 56299660 395267055
1 555 602657047 474904182
1 185 753463681 198956141
1 473 892662337 841775936
1 393 960150246 412478588
1 390 954891289 828706135
1 371 137842355 942662518
1 242 244171020 369857859
1 182 350634265 267639472
1 610 866415878 75824703
1 359 379532392 336911171
1 387 33576752 639488226
1 374 774092538 411970965
1 110 965156045 987617095
1 347 22037649 238203391
1 400 824842003 612265121
1 163 95784839 726904954
1 213 435854315 422967425
1 618 405139551 341773034
1 447 526711614 141616297
1 381 527349160 809306837
1 428 455616438 220413013
1 72 888675087 711160391
1 279 492847336 724854679
1 472 542728759 846135161
1 217 599508566 672438116
1 246 975553146 271412875
1 36 632705967 691903554
1 157 532551935 272144605
1 403 702094330 65209460
1 532 295006016 593732443
1 69 117760620 358882947
1 350 33060138 250653108
1 582 211387067 408772530
1 635 269602027 104600381
1 187 396102028 116619232
1 575 861149366 799761162
1 392 302062830 248371783
1 500 56152310 27396945
1 195 216679140 581446213
1 592 751098754 397293145
1 266 115127315 441965781
1 657 737207592 763835961
1 312 75751255 541754918
1 145 328072840 935976829
1 252 966814400 237021634
1 323 161105124 817683936
1 467 987466362 984979928
1 335 774067633 915092753
1 59 460790626 498956305
1 139 11623238 560822527
1 384 450347035 187416831
1 601 853535735 671303026
1 668 308554718 815060805
1 493 192631700 769159815
1 560 521669062 824514262
1 227 762602103 886245452
1 319 36277982 33943355
1 367 397480135 797454037
1 234 355777707 475320527
1 659 982222062 705301495
1 104 463297572 110792945
1 395 883160787 24398937
1 349 610230514 607244724
1 218 459606423 21900599
1 235 865550510 806124859
1 589 558613457 595748856
1 288 454962414 206867256
1 317 576273945 416302370
1 425 989012154 410223938
1 413 647732972 470979806
1 474 180494082 7357432
1 327 742607616 802570981
1 197 251142858 501849419
1 589 463926942 865603241
1 653 94024273 776368456
1 294 753341758 345294810
1 594 717221969 357102687
1 373 818216630 530819698
1 131 80341760 450916783
1 88 323199719 702302961
1 54 815886648 121975038
1 236 94105736 325167061
1 609 814649570 401424731
1 649 761218028 178935129
1 315 137326830 166851983
1 478 253073211 7969025
1 408 429539526 296449606
1 37 180758235 116215987
1 332 275314825 753919
1 270 979959660 182893641
1 622 265355882 179262098
1 172 152849859 681655962
1 78 918652917 722891327
1 624 75093214 963704692
1 246 947571383 130811156
1 135 223549628 146360526
1 286 343431094 847065543
1 242 489003090 889151080
1 437 613417429 138717890
1 717 98610488 787140092
1 385 707302644 917115023
1 114 119993422 972341897
1 360 115060558 372450755
1 252 802037313 154581659
1 690 910451820 23983914
1 702 147879518 527700947
1 223 89674486 843140862
1 475 59085319 490662396
1 201 469251123 378338319
1 605 857474426 513874767
1 382 47773421 555750258
1 265 873490792 805126884
1 375 956258833 203649867
1 26 47125570 700109382
1 629 269956855 415627351
1 262 577249790 283166345
1 181 850123365 241984747
1 324 51452435 845139496
1 301 222231788 648887002
1 274 325379019 156346778
1 290 996050117 337184887
1 347 721041959 849686998
1 605 503006671 139860827
1 636 567870833 79282802
1 416 751336900 501347215
1 293 438619200 41588368
1 96 373561952 722583653
1 371 947903858 98788933
1 141 716886850 957736414
1 695 305077492 703808414
1 367 141134419 396027463
1 217 767603764 317288134
1 482 839880676 302424611
1 137 494838371 954664643
1 606 653196749 514766100
1 720 885425155 362169638
1 3 657990478 81749840
1 69 205700961 706349069
1 568 939775499 414158795
1 355 259804859 311935960
1 156 196079661 137061186
1 504 537694586 780295955
1 693 372465361 669728759
1 653 746497577 204371247
1 670 428786406 536057494
1 127 662117346 303432295
1 370 961243708 221511552
1 337 332149673 52984408
1 487 277348264 435166921
1 687 847007356 561114629
1 419 344657448 224249919
1 215 487493091 715467371
1 510 210203564 886060128
1 594 880067103 877476497
1 767 569628777 753248984
1 470 534529311 68273286
1 603 433276450 40267795
1 399 814858582 760726493
1 611 647935234 261475789
1 400 80296593 13710443
1 115 619746185 359527106
1 471 384758840 65275858
1 160 137605732 49651392
1 558 262585230 747869944
1 2 825676228 34711087
1 150 800673286 584189019
1 40 804238444 718151168
1 101 170011945 524024513
1 98 267608767 950873526
1 296 188767949 200355464
1 520 733127226 191325937
1 120 244059490 993341642
1 181 923329298 542004900
1 155 253270116 607478741
1 233 712144549 293562828
1 396 157902062 244264254
1 404 237771358 386685534
1 388 12880639 36243818
1 27 97712432 864803491
1 359 412641473 637925961
1 205 212027032 272432197
1 722 679130486 866940123
1 114 337780391 966503348
1 320 388588896 717718635
1 745 590271777 897141794
1 143 866043040 822398390
1 85 511592292 855979778
1 342 717507596 924322730
1 636 688515044 421461641
1 602 727650687 112076912
1 382 69308861 29581718
1 578 417124152 34348728
1 473 579375918 403216097
1 770 36953160 318992556
1 284 948838264 156888028
1 473 554629450 179834723
1 2 309714110 357649623
1 489 139508792 616613960
1 26 729381993 99854659
1 239 959773672 382786944
1 384 984396441 818985948
1 665 591533015 912161447
1 413 724644048 539697257
1 615 930088784 74565280
1 570 847522948 318877567
1 98 377117096 853113717
1 51 397976998 327682238
1 78 62145653 309770814
1 295 207603095 369731982
1 462 434348064 415626332
1 128 18555773 694145631
1 423 673761155 870727603
1 742 754263982 313356233
1 270 655191463 252262283
1 810 103103220 33025890
1 266 915140308 626742895
1 40 138418672 927285501
1 315 903177123 236217064
1 85 787959334 729424973
1 573 746589172 675082090
1 365 920966458 150948075
1 754 441521298 688494388
1 461 842982676 342526421
1 629 75197851 45828878
1 721 843871291 912736879
1 171 92818082 699134754
1 817 954296815 360802007
1 679 647506951 486627389
1 8 588727816 62038753
1 476 997693575 218352418
1 12 926020907 968539492
1 558 91947371 861733428
1 496 211532274 763724992
1 556 497907303 801637834
1 811 842884356 677571640
1 217 537731045 178054521
1 123 245567708 353428071
1 176 687748297 3789989
1 15 486584771 264933172
1 305 945971346 132010768
1 604 579739472 470663178
1 380 562744561 553312011
1 613 733915104 651940701
1 472 166943324 654225560
1 151 689045439 612421631
1 304 512364127 323910216
1 270 118984251 803279629
1 296 707531471 443008872
1 365 450927678 831291417
1 109 867566669 990807416
1 123 530247632 269927573
1 228 71984104 400292702
1 670 535040131 988472797
1 825 310813915 137843928
1 482 409496443 258782784
1 103 333789452 985864234
1 60 246558669 395651903
1 5 993458963 447309357
1 394 498454321 863268545
1 609 980926483 760009785
1 505 432459739 912271161
1 346 770997975 755814988
1 348 192651868 429802731
1 193 994734261 370649940
1 346 868667670 617101366
1 207 103471761 109877461
1 593 603051206 263338190
1 469 69580863 750902754
1 659 112266612 705656308
1 835 522641100 73443242
1 420 910212997 485954820
1 697 255591210 550150412
1 468 554011612 525307586
1 251 1155780 815683305
1 386 653189933 850383471
1 84 78384777 570855490
1 18 830410738 496926234
1 121 84117041 967637482
1 716 763830710 230289150
1 475 693238882 220337177
1 341 573129337 630683557
1 222 120157971 898778012
1 803 178183384 717647609
1 206 676220951 47865834
1 311 665806058 806522260
1 579 80223771 463177104
1 587 422595109 976945422
1 25 326884688 707496999
1 155 909903900 450509145
1 692 877405905 50131495
1 834 211643400 822321372
1 405 824986978 190130249
1 514 432266490 428619502
1 201 338519206 724065017
1 12 134543767 1237018
1 762 975738709 434014652
1 581 567929123 160338584
1 633 287252409 592395954
1 822 601734050 647620229
1 247 903063328 413863162
1 41 733564013 596078915
1 778 973854457 299833785
1 730 148141019 530678052
1 201 945426982 86594310
1 899 154204676 714753349
1 622 276665233 856138801
1 523 71898410 386440709
1 843 751294138 251219962
1 109 336890090 423875689
1 107 59184260 595262798
1 152 77278175 600212569
1 81 725347088 336551010
1 444 934336481 464393009
1 567 284769400 333146847
1 35 753300299 58885633
1 451 490023367 864493481
1 141 808964719 398796336
1 147 107835909 693556078
1 434 100371187 718744504
1 485 449417229 224587039
1 933 177949199 32292244
1 276 419257384 406110544
1 375 731223878 750210261
1 862 695829335 535401413
1 566 339555469 966869015
1 596 265908783 366548965
1 726 853302651 995693336
1 392 832311168 956007858
1 569 577695946 594140245
1 121 796187646 972197362
1 674 282289279 744644893
1 493 218768120 691724243
1 223 188253034 347346896
1 573 101552002 302575770
1 626 743685032 817455846
1 314 354000841 890645690
1 776 837778433 832416867
1 375 624271923 868786767
1 895 827392070 940920912
1 628 832248471 452418547
1 186 938685868 792219769
1 167 298024215 151143564
1 668 926228472 398158330
1 329 762846124 673819852
1 625 143822841 698558955
1 684 889059387 529789021
1 352 468970612 399679797
1 844 732644084 209373353
1 352 12493039 308579941
1 938 484041109 378836269
1 246 953507005 605000156
1 585 187595874 18013327
1 321 491193997 905901339
1 893 758502295 235025754
1 580 866190282 2575636
1 884 16617949 926319918
1 903 630520144 532709075
1 779 416470563 127359799
1 360 285661376 903877586
1 813 35849313 154962999
1 64 366027878 361989544
1 550 761933232 954506528
1 902 337045018 504145991
1 81 214670406 106349855
1 702 323470537 101042967
1 677 783467066 114723779
1 276 239808045 141016522
1 132 401041657 365696767
1 98 413018543 602438649
1 314 136112357 994516161
1 169 92046072 378339723
1 109 798724700 929040204
1 734 491157833 778515907
1 122 948869700 474326928
1 557 583687520 782423075
1 502 80252054 33737142
1 863 510035330 881409303
1 159 952894262 560093869
1 318 975743571 966047252
1 713 558312847 38953975
1 905 709953462 35043263
1 513 423559571 70588156
1 398 318521100 927383608
1 747 604216489 742516300
1 493 434769858 487052129
1 999 594048003 673047431
1 711 487878807 618880071
1 645 288569892 355308128
1 637 596853760 274902840
1 480 155641503 640171441
1 907 799092778 992431593
1 130 495186005 384690638
1 744 852785621 631738489
1 589 594404783 169920906
1 104 385919033 729310462
1 857 756754927 204360570
1 589 446600936 958210815
1 608 392860822 494311354
1 201 343748514 858776241
1 593 792043104 578448851
1 455 98429662 155506693
1 117 867686222 950992704
1 713 518582083 511864972
1 89 340412826 298726970
1 433 643477166 480680598
1 461 242925853 736495447
1 798 750674160 403504024
1 258 798050461 307595878
1 827 59743237 380080103
1 40 922288183 112374200
1 541 143115470 151633086
1 852 979833416 550329276
1 782 938692090 855335407
1 480 192077283 727469764
1 315 754556703 952433353
1 327 138256187 914729899
1 284 226707490 948196325
1 659 475740734 555710288
1 810 48318795 445983158
1 342 991255744 210479942
1 781 343027482 580653274
1 498 160170516 755935831
1 343 208538054 292804759
1 768 962230943 514421961
1 708 438507317 214069348
1 199 513438948 236764564
1 476 836953821 864765132
1 598 788428649 269823893
1 857 615862073 226501369
1 404 239863870 751111623
1 231 71505624 195377782
1 433 760049961 943888442
1 673 815701450 651439418
1 454 620075688 956461976
1 12 977936963 130885588
1 824 764495970 771353188
1 287 34165350 198309500
1 87 829941780 621549385
1 358 689822164 60824542
1 186 432648177 449136574
1 873 579394212 517246617
1 903 929241340 948707708
1 587 837050866 717291171
1 33 6176890 600541308
1 552 605563661 37538828
1 139 870481788 976992106
1 266 729303793 432981205
1 961 973639511 249845633
1 144 763336210 649921415
1 624 815771518 696367769
1 700 72046377 791656409
1 458 574788759 785686680
1 640 257405359 397455122
1 430 951580232 260253201
1 903 261286169 137749607
1 613 641544053 530134854
1 108 940334788 704718292
1 360 51621738 797896734
1 512 142997843 119787442
1 785 175272439 290964612
1 128 957704049 768146805
1 987 354133398 843660351
1 950 527388440 769768289
1 349 997838689 246145932
1 538 991393574 167921555
1 909 495154766 108815143
1 808 548353738 571072914
1 377 53843379 347934653
1 1005 391352464 682075424
1 845 657357157 946861435
1 131 73681258 272140773
1 977 594852167 700816979
1 344 416834053 146863173
1 285 78195582 572395760
1 514 116423779 904099492
1 323 6298872 220806862
1 382 563541594 684511319
1 960 363209515 782819675
1 507 807349709 602338959
1 69 913245919 808552344
1 468 113095194 454659333
1 700 440006107 371343411
1 35 47808223 684948854
1 1008 779900468 896198256
1 219 134716323 67425090
1 2 345066744 266176076
1 294 477565998 383945367
1 53 552823618 200965121
1 477 488696474 754878151
1 71 475329784 583300959
1 814 175711737 113081929
1 754 172591434 451363629
1 160 754622928 104549185
1 599 71998886 872088606
1 158 770174174 652076046
1 929 274724416 884629437
1 406 269480816 509038536
1 708 554129748 918805976
1 964 213194430 638257002
1 383 218051213 118103981
1 224 389277923 422280763
1 753 156625955 35224691
1 651 941143856 532322289
1 111 557475499 89985014
1 998 660027899 127572497
1 931 751130145 128348576
1 87 558767574 850462805
1 99 824811018 869826322
1 60 368835624 59135434
1 589 50674300 5656575
1 412 193995218 640988167
1 155 70102042 552009755
1 334 199201135 499374035
1 1065 46077065 610984403
1 576 160836583 134715332
1 624 261713195 635456911
1 1133 752984557 446195339
1 242 734683204 667840086
1 993 939939296 402447771
1 1082 644897557 702301687
1 490 305197759 477194596
1 511 448381252 636866754
1 683 362968676 61266018
1 469 208951924 56390647
1 220 700740194 772428234
1 621 667651156 560556719
1 1053 129757501 240626429
1 365 106768185 536307117
1 248 700990766 663768359
1 1005 113320634 767730215
1 51 896862666 973979852
1 181 244811211 131610658
1 865 803313165 81149295
1 208 48884067 682182158
1 219 289648216 611639091
1 536 303217352 81077589
1 464 331887121 595667778
1 15 143061505 40902681
1 717 431247113 334307640
1 831 150925381 768864929
1 1013 844190147 28397058
1 633 863106806 30706496
1 945 173717462 93743344
1 1054 881214549 735144622
1 847 274795003 749312968
1 444 751197092 122619642
1 665 878367043 104804022
1 624 551811089 810299483
1 387 896368168 236187824
1 316 662443303 987563979
1 509 562888301 782361220
1 1059 310895870 576251690
1 868 223933197 32224272
1 572 404996281 345751566
1 897 237228888 705468512
1 1155 737037170 68179821
1 303 157715706 563125264
1 1042 356828426 283821776
1 458 161923055 449229857
1 339 804221329 571887651
1 472 102175067 956112324
1 455 79688123 602403211
1 488 928882905 80026313
1 470 605276935 739772701
1 890 356391074 213860078
1 99 357109545 162631984
1 853 726721431 857346821
1 1042 244536746 897813451
1 249 637572752 144505666
1 852 746608024 990093214
1 168 839195571 606177381
1 1130 16134953 390302664
1 640 256315716 927053790
1 750 324833421 90559883
1 265 85872842 556638278
1 479 442250782 172535703
1 535 452953565 696866795
1 131 947093038 138719531
1 182 591123082 168985711
1 156 471223207 808018771
1 704 164567082 356652551
1 833 280995100 35444135
1 1002 929050684 176144341
1 98 254960565 695169765
1 535 184587885 626787795
1 1022 103105713 410177720
1 976 538186653 375864477
1 276 704278025 816152877
1 1136 414384209 794611028
1 1078 525011958 85489437
1 1076 111802531 916982766
1 1073 154465417 511691669
1 479 925209084 762762852
1 290 58579060 254291445
1 686 624895708 154828669
1 282 256551573 415800761
1 479 567081485 573095654
1 870 502249633 375590628
1 777 404108211 339071476
1 690 14860311 9623127
1 795 461238525 369464567
1 423 447176763 808052208
1 174 566666710 754791870
1 186 666813221 562576138
1 777 845916897 186782255
1 1163 822580606 97442676
1 83 798984449 307732126
1 1118 556777779 370147264
1 566 640062662 5600159
1 788 861206026 214175418
1 885 462988794 120386800
1 192 786569878 212591177
1 301 96408169 258246045
1 1163 617408583 360872175
1 465 326310433 648909540
1 1010 912118818 328438952
1 224 764727801 493789367
1 764 962302521 115228739
1 120 596761114 101101858
1 31 9475718 235252584
1 1134 402198697 220707874
1 198 36112583 663403377
1 553 626324715 735642028
1 1138 624364399 691174095
1 733 827855388 773576655
1 526 778174208 586336055
1 1069 978074078 141804693
1 1036 178643 697811406
1 166 350211123 494267706
1 131 906188194 760569340
1 990 522617333 79700396
1 478 861848318 479271987
1 30 960893862 256464105
1 1118 912354703 170156848
1 960 36861704 514239293
1 573 894808112 916108853
1 586 860539809 632539160
1 1091 283030789 662008800
1 1160 385760627 638271566
1 1232 914439912 17377303
1 323 527629811 482029747
1 1077 106889147 929530184
1 821 928148678 408208542
1 47 16158859 179956789
1 229 364271904 218114060
1 1171 472556168 19024834
1 846 279001704 980843303
1 286 219136814 968487561
1 658 942161497 337736502
1 356 958678567 668079987
1 93 255897049 632364405
1 1145 714685852 592997531
1 709 576632697 496024252
1 1162 649883269 236233957
1 490 20014828 516789928
1 629 756590249 391651296
1 179 202858005 301667050
1 599 95608999 38329804
1 885 423881100 200414236
1 728 567939457 991530514
1 258 659664955 967083691
1 650 846928164 753514971
1 463 136785993 740062179
1 659 585276325 982260705
1 471 624708617 202841004
1 787 940420438 72764052
1 1178 294249124 462450795
1 784 926980062 463711360
1 410 434012173 244274989
1 763 380837763 989802861
1 546 132041878 226593868
1 718 93453389 781782570
1 97 4784741 705520742
1 378 927682172 998155960
1 1135 249805983 660866658
1 554 817726246 323475447
1 38 800478347 950065725
1 837 71969407 160841399
1 1068 376023994 178173471
1 410 344949929 148243977
1 182 375145912 537010893
1 1037 452543585 146446053
1 623 570032160 820361196
1 493 354298021 203828092
1 1017 699929232 154885663
1 210 537429905 70572505
1 812 61084338 580569500
1 353 502671677 158069211
1 539 944788348 901649088
1 41 984874452 944433790
1 1032 721666358 385884391
1 580 365931395 330813512
1 921 704453172 850593178
1 1007 26341090 365932343
1 1276 415741578 488858552
1 566 632009479 704560890
1 820 90596335 577110390
1 93 712961254 156256545
1 1233 62945791 795297597
1 41 739015980 681709114
1 916 42462121 42650914
1 1095 390841468 759539593
1 1054 431334221 877298111
1 206 64067684 193492128
1 757 826915631 541894507
1 268 664382533 736919821
1 659 690264446 816891760
1 1250 368883918 487133069
1 883 225693500 225869503
1 1201 547528558 67269765
1 883 584119739 850662917
1 635 88428886 606280259
1 1114 461246737 540900103
1 30 439466068 523351720
1 1147 856853216 878325952
1 121 878439732 270788453
1 535 951281678 525867190
1 999 636372445 465554941
1 684 494235976 591298843
1 167 347047038 3510544
1 537 983855744 436910305
1 933 668816334 299274415
1 1146 634913745 150676091
1 460 91345820 452046632
1 1241 610021983 735206930
1 846 469710212 633002479
1 1319 778076283 287743253
1 1200 398560319 493562669
1 68 144677779 660427359
1 895 246901423 423170051
1 899 656121222 670291369
1 263 961162987 615501168
1 192 837496649 917278979
1 96 340880864 896705678
1 828 368621893 194468473
1 912 857001228 961555486
1 1122 430676418 765969386
1 449 591778698 708810743
1 486 360245989 764750734
1 251 281563796 194399169
1 1343 602913885 675711115
1 138 928303390 842243640
1 695 596024883 779945029
1 187 323565739 155501435
1 331 98104389 753085354
1 492 793891823 644352092
1 1176 374764620 277993504
1 394 400298471 213970389
1 1040 449825169 422675834
1 182 822548779 306836885
1 796 419650486 497877137
1 1120 712485636 460742752
1 594 823827319 300164791
1 1210 332985121 465645727
1 619 852778239 343244262
1 1008 878784398 203791516
1 309 224353936 869047166
1 451 65583057 856073223
1 1367 486953161 119870066
1 711 43575942 628049558
1 586 450392031 640774387
1 348 376079739 540823629
1 846 254147527 577538535
1 1200 431140320 54700370
1 304 245765459 600914972
1 1286 509323549 676200518
1 414 53320288 904929747
1 560 874206457 841341945
1 934 665336709 9993831
1 102 27243857 409092542
1 94 374443575 326655441
1 650 783138802 32228323
1 427 192347547 26489430
1 394 150151598 667436029
1 640 760659205 395111056
1 865 96928801 447818272
1 786 985124689 942861565
1 462 311031958 261951359
1 486 162985577 849881285
1 79 132006167 26169193
1 533 39757664 856044020
1 363 336442117 4742639
1 224 455631111 366135112
1 441 933217457 97330500
1 671 619396023 379990977
1 444 563675590 517988712
1 618 541200535 733894123
1 344 452391015 276701275
1 722 10014065 60956207
1 218 232435277 235816135
1 903 628087986 521991784
1 451 112954650 85817431
1 1102 157841878 289947931
1 68 208734224 586954432
1 440 598916538 666338644
1 489 90329581 161732257
1 1031 725450953 679896040
1 234 813829867 322389553
1 897 530301003 491084075
1 753 198448198 144754533
1 1187 233954623 81859478
1 731 533885199 249319507
1 600 490356019 641259901
1 1322 561745587 139189002
1 148 366277941 181476038
1 194 580436952 624645311
1 495 602947527 450924524
1 711 615721430 88935909
1 773 292357586 436281221
1 678 347210976 228916070
1 1003 590091604 610561710
1 1034 63313480 372780223
1 1169 255393127 754634457
1 1238 572740321 961059348
1 434 99021595 975725648
1 1257 141377668 787804178
1 745 956756294 644055183
1 1003 358413448 887820037
1 344 742526824 239951062
1 92 939835625 534954529
1 182 419988242 737080418
1 1061 159681183 295747404
1 881 961061035 555347274
1 25 473354924 205791303
1 533 958008903 156595837
1 658 370430720 765929235
1 1434 817223257 460842143
1 531 90417511 359559385
1 74 580403948 495430803
1 276 143096405 198832565
1 112 104373654 397845245
1 110 611073203 317299089
1 1425 544509297 616962599
1 616 898564195 665911234
1 485 625841213 465131848
1 699 107406062 809639265
1 431 339840451 762891162
1 643 812745279 345529670
1 988 239545518 465991231
1 792 941734300 998860618
1 230 739713259 629060466
1 1333 874160167 986792795
1 365 854888002 446029015
1 392 592156611 24605499
1 1318 773293368 437239829
1 595 480870111 590620534
1 888 249899727 198156928
1 1332 450424226 36573585
1 1440 554555436 249646723
1 971 130361856 825097035
1 1082 240778416 499658428
1 1188 961124231 970355561
1 183 259940061 768969186
1 1434 580911249 631947112
1 672 505502584 541000193
1 1133 845851979 23978767
1 304 978430270 999470198
1 429 895272693 94370619
1 846 911909352 157158594
1 1433 372021946 67556118
1 19 924654712 165494075
1 387 751072940 753803428
1 174 942976051 217467807
1 903 132796441 229770048
1 432 674586919 721129018
1 1439 697649301 420676713
1 1330 817248764 280788672
1 1303 738004057 426452209
1 1062 80833581 175550141
1 1413 513077230 394934801
1 678 288041772 643389188
1 412 416247863 320176708
1 517 90831882 994091569
1 579 307499170 544642957
1 412 836876967 547715972
1 976 154218011 322279719
1 45 980511147 586986606
1 708 858460620 589413209
1 1369 852186242 952091507
1 606 723603497 276392775
1 1419 827618211 456916138
1 587 363216512 161943327
1 1321 861304369 127221509
1 1043 185511773 610583730
1 919 632966518 689816287
1 1307 178938629 472582402
1 695 778989748 818514358
1 792 272622240 708226349
1 1413 746711344 296438294
1 537 940877580 159358690
1 1304 403212397 884190116
1 274 231103427 912782274
1 1472 981465188 705404291
1 100 932979347 247170596
1 1259 989687193 544243084
1 235 405331285 989813184
1 263 430688955 73959107
1 232 292745406 799185517
1 781 754097333 779409995
1 1117 604262200 57962342
1 93 179060644 512138856
1 651 303258202 364763189
1 134 473443576 533540767
1 664 721774930 134113595
1 840 493899416 955857716
1 949 321360265 601654509
1 575 435185193 794260414
1 1111 332002775 757178654
1 1193 728540777 112351777
1 736 278736207 360881532
1 379 156251979 243625417
1 443 46881225 381579021
1 807 276397429 517293064
1 71 694197751 761932802
1 491 257720934 277949596
1 349 162651233 751797223
1 517 704046272 614453646
1 386 880664867 213028396
1 565 495707523 169244867
1 1450 618887786 805917104
1 706 343004014 359864136
1 531 925484155 436831183
1 1328 525788445 116389715
1 1530 897912952 165502011
1 704 359620848 407281353
1 639 242719470 533761234
1 1210 211196766 216663403
1 1397 925355278 139918143
1 670 233411357 790735214
1 1179 510398477 915727168
1 792 467102652 12721872
1 467 507224374 165178764
1 512 367091710 344783555
1 774 683944832 238027644
1 1460 806763419 361474827
1 1147 154439816 580357663
1 417 118212623 850707329
1 840 310724049 508922468
1 211 593122354 771872682
1 1239 803040985 563814680
1 114 937869255 369031051
1 594 212545643 485372014
1 1107 472687446 573085648
1 1373 174564112 551763221
1 1032 781470476 122859172
1 194 887876814 469994750
1 514 293619627 878609774
1 1218 634537157 851553702
1 1341 571101938 727109749
1 992 53169643 855479232
1 602 267027552 924236481
1 98 202694758 985002752
1 1551 585148247 673094252
1 944 619158767 191055753
1 1564 985982162 568232251
1 1121 644425582 712695011
1 1173 537588800 294367022
1 781 551816370 334371037
1 415 564007793 326179999
1 1085 351643176 143354277
1 371 824857958 114745111
1 1415 499621035 691231717
1 1366 794729850 201199512
1 1154 914930997 686653979
1 364 131692325 962982623
1 884 913120370 340911718
1 681 334849893 483445130
1 446 619675784 267963597
1 1316 141454913 85875564
1 54 229124405 626806792
1 586 490748340 340861725
1 1012 290890683 72305651
1 1186 969460767 923166410
1 1418 317156378 909249176
1 1112 523854590 599806629
1 691 539649936 307488581
1 1081 639520252 739066906
1 1575 24504710 757969301
1 1304 738177024 735537373
1 1309 924136794 893837581
1 720 763135580 271764160
1 55 157680585 518669683
1 107 659264208 296408412
1 273 836171052 953509064
1 1186 77868226 697345064
1 212 499061611 788816746
1 425 353851589 814591013
1 448 278831029 210249498
1 1098 668951643 544555533
1 135 961447692 569599371
1 174 181121665 992209177
1 460 644322998 973089067
1 806 27899607 273540947
1 779 15195768 679267038
1 813 116724294 441036263
1 1612 20718569 556925277
1 1333 456980822 196228392
1 911 527309441 486480081
1 1405 450537697 937548293
1 653 958726040 276933984
1 149 580557335 787907728
1 681 936605727 516832492
1 63 209291675 930298147
1 860 544196378 198466314
1 181 977100500 613519801
1 298 585302089 171327768
1 1332 45427716 139672603
1 722 176605608 317733579
1 567 912037827 26296145
1 570 947803251 68526936
1 319 692195602 753320407
1 561 50377910 362247727
1 649 940749639 572203940
1 1264 645847362 871431068
1 872 492262196 396451879
1 427 428812845 40636812
1 1114 205036469 993058348
1 296 155761750 331247601
1 761 279300675 838781247
1 1275 661156979 865446990
1 90 29800194 310729563
1 425 849634922 255372358
1 563 954114173 608574781
1 706 502297299 233021494
1 1204 761666853 505178308
1 677 895699529 520123173
1 461 714182169 795754232
1 753 433502313 875380702
1 1036 533748982 194475503
1 557 528264717 729085143
1 624 916606151 63300513
1 1413 485075309 977693519
1 632 997257070 877937051
1 531 291107329 458627605
1 348 876384346 230422777
1 1468 586528257 355235602
1 760 978534456 483411993
1 742 556028473 278308482
1 925 320935455 134412743
1 1627 722557728 559425298
1 1295 874959685 953158747
1 1167 836973016 926606510
1 440 306134384 131597157
1 391 290803468 211883419
1 1282 398811025 213362952
1 656 748980064 21678741
1 900 745167376 95366629
1 816 52843024 796013998
1 1203 314368152 159886362
1 181 72779428 100622205
1 686 289767919 68615176
1 17 489736800 861911078
1 1072 397789837 548173412
1 499 94442754 536159671
1 583 599913883 116507736
1 1049 519548090 61175970
1 1644 907351653 608115546
1 1454 527624870 108584677
1 1673 928994192 578038111
1 903 977435008 244996348
1 958 586870688 887104521
1 426 933598157 224241198
1 473 57434065 40032148
1 604 985582679 633730280
1 1130 888857774 274424064
1 32 698888675 3869981
1 1071 131816196 548358574
1 1039 133015420 727232193
1 165 332636959 598666322
1 1621 943873877 509261509
1 245 909781390 642140728
1 490 307927680 800334285
1 1024 499101386 286186116
1 1254 291033266 196455443
1 402 197170685 818784087
1 1027 902624321 256617609
1 1200 213844916 443748175
1 1391 392613905 947251172
1 1556 183917591 307087000
1 727 1883191 796746863
1 381 855997977 776440547
1 1155 625115142 253920038
1 1432 902022567 505077384
1 226 604522825 47507231
1 505 188341648 250819221
1 95 810188709 475505741
1 989 403541257 199208586
1 412 27322176 606151865
1 1568 490595319 659307779
1 572 14505983 97050696
1 554 490277950 571970113
1 1589 890658779 123127646
1 581 338107704 296818883
1 1091 112502687 601350462
1 90 519660665 937148962
1 306 679409548 672572806
1 1513 933762811 14599050
1 1003 970981767 483522530
1 884 819305995 586316070
1 594 202420102 309340545
1 1504 75247760 286020343
1 1548 233010647 923871950
1 416 920648897 105847482
1 1128 824911519 216362288
1 1349 778163832 68328681
1 344 322520272 55597792
1 1645 441207491 616560591
1 1726 94526785 350897314
1 303 25512712 245771147
1 147 367992573 572499687
1 314 581576643 283191874
1 1295 730362765 752422893
1 1483 412136864 557632293
1 1172 794772177 145142070
1 1502 870666801 433161713
1 1197 233491002 425317540
1 762 941714505 403527294
1 63 143811939 308231440
1 1528 556473538 957106308
1 1635 902774288 103560166
1 93 539646606 983893030
1 1629 585182102 374122270
1 183 963453716 935369793
1 1065 83544163 380169319
1 571 382043849 522047457
1 1290 840967047 161594277
1 486 259448348 822995317
1 961 956557140 738982372
1 297 236762412 494615427
1 1374 540977355 516522326
1 347 700550665 151917543
1 1043 847249855 871724754
1 1674 460830309 492158063
1 391 205704208 284587426
1 800 534628308 37355439
1 1095 23065733 765294683
1 1589 552053342 144396193
1 344 884415981 165814986
1 1333 982111587 506120481
1 1417 70719268 246004426
1 1305 319305523 711249165
1 712 469393610 603786062
1 455 222021592 825357652
1 1451 494118610 154341227
1 164 691321073 302034809
1 735 448272810 365839532
1 789 710297989 422848180
1 847 134590435 870376901
1 932 972462533 312453932
1 1028 223271669 505261237
1 1647 349633765 391120253
1 1635 245712395 115166498
1 891 774547470 797439113
1 90 164358339 804855615
1 6 52951697 249286703
1 1604 399190590 777610005
1 1543 261431510 82856014
1 1488 831859929 422719248
1 857 251164457 717894904
1 893 769776028 284002831
1 1652 801281687 231468634
1 319 907881783 976494086
1 1035 720915570 105631648
1 1022 604511638 181338337
1 981 403831517 308747646
1 1638 723027250 682109999
1 1449 567328285 696973831
1 755 516307660 479847446
1 873 388140804 995267988
1 960 857390130 122648623
1 1318 782417274 445362330
1 876 369032751 888692202
1 1740 876304332 779214872
1 135 326432891 734452628
1 225 87583941 888793153
1 527 356897392 519576744
1 320 14418976 233922846
1 1772 386374599 771166658
1 75 378691535 433249697
1 1154 492692295 741706857
1 782 234484920 226135762
1 196 239631543 57221408
1 1188 926460769 302662245
1 1409 16013948 959244277
1 181 413493956 309947449
1 1336 158995681 353364002
1 1464 232908786 904652364
1 1684 153822924 241010399
1 268 219508143 59283072
1 1283 845714141 186853459
1 874 520292701 989994516
1 700 994876738 75920030
1 1134 148060849 974223137
1 430 217527998 309439631
1 1211 24422497 351467881
1 691 600208813 450491394
1 1031 769948542 85132160
1 638 837465841 118024399
1 822 216193170 275843657
1 841 36784722 385724854
1 1695 820716277 745807645
1 1125 515513813 858867967
1 481 505112959 415277405
1 1553 686802584 773230454
1 312 233189629 517305927
1 925 284317264 184428648
1 1593 836893350 401859788
1 1042 755768487 437973751
1 351 521348165 160973915
1 984 299065495 161562777
1 373 750517953 786914593
1 589 543960091 28150128
1 115 405130678 303758208
1 1527 806807241 756551144
1 32 444824328 258774837
1 1786 313601513 627364895
1 526 779100481 663954868
1 143 610737788 97748928
1 687 315471706 2647342
1 425 530219936 975318826
1 726 576206937 664755677
1 1475 346655650 496898367
1 1202 103374031 869992439
1 1178 411786811 167578134
1 1713 499687010 674828463
1 132 40678508 711948246
1 1616 406629690 286880568
1 39 743169925 491724608
1 1754 342108401 492634163
1 1517 829121786 200798371
1 188 505922045 939673664
1 1292 331768987 773934101
1 510 541607450 421762907
1 630 523092348 916075011
1 1039 67843637 509363118
1 531 510612865 873667188
1 1194 122944943 799635902
1 1777 92764112 952228656
1 224 923920434 426446369
1 310 72159786 269422884
1 1595 493553950 292504053
1 751 205337349 551306323
1 945 736695850 723188747
1 1306 43799344 8869845
1 63 913338889 416342278
1 821 323703021 580096306
1 1700 66820658 453319105
1 484 370691969 926063143
1 1198 596544016 74398007
1 862 550611242 603170319
1 1852 317245737 935964348
1 1078 973731563 479795115
1 1301 395357984 657600215
1 1041 21239522 339607911
1 1349 236868428 409073828
1 748 805507 372278700
1 1167 746017723 380061353
1 1535 229833726 283223371
1 218 725384626 802570595
1 1577 370387907 594698329
1 1856 992714331 626484452
1 376 725279012 353225360
1 669 770679684 207350764
1 796 905829450 333799178
1 1429 47712321 189508591
1 1677 571056091 569755412
1 237 195022411 116476015
1 1866 876086943 129674137
1 1453 232496358 182353002
1 1628 211419342 15714349
1 691 870187155 860689143
1 1082 728283654 306390009
1 1562 515141779 133090756
1 1077 455814883 406864493
1 590 252602369 625142899
1 1401 932654108 489993641
1 479 566833959 541457998
1 1635 378732439 523680889
1 247 426953843 139958072
1 1335 738768596 797731272
1 1482 6316425 726956071
1 1472 191411059 679837665
1 1820 575568359 12648085
1 342 267948227 855981489
1 108 352979101 911117392
1 185 505364404 347840871
1 1182 254581123 959761201
1 996 750778917 940094372
1 151 636523909 929583797
1 358 745877619 242335991
1 319 671810202 291083008
1 349 285711137 401176922
1 292 283822304 56612715
1 1897 926079878 290712645
1 1550 564138604 451760028
1 1491 248455521 249472432
1 237 750396089 53447067
1 205 970060596 721910066
1 495 540167758 244737979
1 528 137035245 101053913
1 1773 964679346 926583918
1 1571 266056709 415067822
1 294 675449061 324629550
1 724 56475861 175339960
1 952 172140080 555789300
1 730 33238153 506807397
1 103 755143297 645185562
1 622 468817809 519702998
1 526 232814174 721714602
1 795 985605068 914592717
1 1470 252064795 38412835
1 1440 784786082 637319005
1 788 974702053 83792812
1 1398 92836257 654731606
1 1643 262810263 717007602
1 1315 693667973 105855895
1 1770 739358700 77685427
1 205 462124756 542513527
1 1563 390517468 413675801
1 1801 219059128 446377750
1 1489 330419452 878167951
1 821 338575419 234111825
1 54 395327151 640603385
1 1590 845110768 807031573
1 1676 456201847 713310539
1 1624 290980239 731325221
1 113 911827410 236138196
1 536 639054617 468121200
1 947 508782206 166392029
1 1230 211982552 792546757
1 183 661112640 102772905
1 84 535157459 240963723
1 422 796878753 967765421
1 1314 782019287 914635168
1 376 234493580 16574213
1 131 742459116 544260197
1 1550 774970704 438166337
1 245 549789409 949966397
1 1254 19755851 281016490
1 769 531204824 352570603
1 936 710359534 284893730
1 856 559177061 849312155
1 941 363704336 211815506
1 1066 706741798 928288123
1 965 958475164 375373690
1 913 266487407 564769445
1 1530 104183645 109455910
1 374 734291858 97911090
1 461 479900963 73927729
1 1106 336494745 422017155
1 467 856082911 510820901
1 733 468646470 573552452
1 420 753698258 628521666
1 1241 211383450 690823540
1 46 818293283 806460361
1 1922 734151177 154271557
1 823 633504114 844804768
1 1943 453129350 807067830
1 1203 670633629 307889084
1 1659 570577112 767674773
1 1257 423881875 771475806
1 1184 741067087 155254708
1 1850 671427325 495249360
1 748 12707033 613539266
1 762 739761113 781999699
1 1585 465387939 732637137
1 1082 519600612 672922434
1 1095 244025529 504522095
1 741 817014254 810329859
1 1083 548462586 743391848
1 462 344217933 792643503
1 872 764400571 462811223
1 1036 90256196 168829974
1 1737 52570689 69558228
1 793 917455731 154105478
1 216 412999541 294139393
1 1886 399242090 224913619
1 1409 273762703 889252707
1 1981 897901846 858191938
1 1435 669048828 77950572
1 1010 354698031 791433467
1 1342 127360527 120744909
2 259 461
2 1772 1777
2 1818 1989
2 732 1213
2 1164 1965
2 825 1617
2 41 1775
2 779 1127
2 1468 1906
2 1932 1935
2 627 1085
2 1515 1955
2 1955 1999
2 987 1075
2 866 1392
2 899 989
2 1670 1702
2 316 1525
2 948 1487
2 423 691
2 387 676
2 374 618
2 439 1604
2 169 1575
2 900 1425
2 915 1943
2 1909 1925
2 10 1028
2 25 1388
2 946 1070
2 1726 1926
2 777 1216
2 1772 1959
2 1227 1340
2 1874 1954
2 1931 1990
2 1727 1955
2 662 1012
2 748 1857
2 664 1665
2 817 1019
2 572 1310
2 1225 1673
2 458 1888
2 1432 1573
2 92 200
2 1444 1815
2 341 1205
2 1371 1866
2 1864 1939
2 951 1203
2 1647 1967
2 1251 1415
2 1005 1148
2 923 1809
2 1143 1559
2 1373 1737
2 209 1285
2 1426 1448
2 496 1356
2 1616 1999
2 905 1215
2 194 1301
2 405 1295
2 635 1591
2 1008 1840
2 651 1475
2 660 1484
2 1987 1989
2 1644 1728
2 1664 1834
2 721 1703
2 1053 1885
2 1105 1416
2 1791 1910
2 1122 1377
2 339 1555
2 754 1704
2 951 1995
2 1439 1588
2 1612 1926
2 1435 1737
2 345 714
2 1631 1672
2 1916 1997
2 1251 1966
2 193 1076
2 1455 1647
2 460 740
2 1924 1943
2 1021 1514
2 1200 1334
2 1844 1872
2 200 1608
2 1244 1667
2 54 394
2 1862 1928
2 278 1029
2 1700 1982
2 1024 1927
2 342 1911
2 834 1384
2 1906 1940
2 1338 1546
2 1415 1742
2 954 1330
2 1741 1864
2 1945 1978
2 908 1305
2 174 552
2 1708 1778
2 163 1680
2 1161 1490
2 1188 1403
2 933 1683
2 155 1686
2 1440 1832
2 698 1596
2 613 1572
2 1840 1862
2 1691 1858
2 1847 1863
2 171 788
2 1504 1917
2 1365 1788
2 1931 1994
2 828 1309
2 1469 1813
2 999 1249
2 1008 1424
2 1617 1760
2 1612 1727
2 637 1708
2 1641 1781
2 1167 1504
2 1996 1998
2 411 1161
2 1550 1747
2 1422 1756
2 1567 1975
2 77 1243
2 1279 1874
2 384 874
2 1010 1505
2 922 1833
2 1474 1863
2 882 1126
2 1260 1583
2 158 993
2 1232 1914
2 241 503
2 1899 1979
2 224 1887
2 86 494
2 1032 1752
2 631 1761
2 1972 1993
2 1626 1908
2 427 1103
2 921 1542
2 443 1101
2 1122 1611
2 246 453
2 1678 1884
2 526 1949
2 1504 1948
2 1893 1906
2 1735 1873
2 1162 1502
2 866 1055
2 551 858
2 1977 1987
2 1975 1999
2 59 1093
2 251 1901
2 570 1500
2 1355 1966
2 388 783
2 1035 1495
2 821 1529
2 568 892
2 979 1523
2 919 1093
2 1502 1535
2 1400 1873
2 913 948
2 1262 1752
2 773 860
2 1992 1993
2 1773 1808
2 729 1639
2 95 211
2 1486 1967
2 1718 1914
2 1945 1948
2 362 1806
2 871 1486
2 1841 1842
2 1440 1781
2 1238 1799
2 1074 1953
2 1197 1245
2 74 1353
2 821 1827
2 1477 1648
2 1531 1967
2 1204 1812
2 972 1145
2 1675 1799
2 960 1886
2 271 683
2 1342 1681
2 72 605
2 1355 1768
2 1058 1673
2 1260 1859
2 1260 1970
2 952 975
2 1180 1816
2 905 1936
2 1119 1370
2 27 453
2 1829 1840
2 1714 1769
2 861 1534
2 1583 1906
2 1702 1793
2 1290 1308
2 1499 1543
2 287 768
2 610 691
2 1462 1647
2 691 1406
2 105 1780
2 939 1466
2 349 1913
2 1905 1999
2 1404 1952
2 1282 1332
2 1256 1534
2 1458 1945
2 791 959
2 82 1087
2 471 1504
2 1443 1831
2 396 1338
2 1964 1993
2 1797 1929
2 603 1815
2 145 1295
2 1352 1779
2 844 1931
2 1593 1685
2 1206 1727
2 514 1246
2 6 1413
2 535 774
2 632 898
2 863 1203
2 563 1143
2 1441 1638
2 978 1025
2 1643 1718
2 1431 1541
2 1064 1064
2 1767 1805
2 211 1424
2 450 1708
2 600 1532
2 263 786
2 728 1150
2 193 944
2 1452 1744
2 1574 1824
2 445 1139
2 379 722
2 814 1063
2 1968 1988
2 97 1024
2 1200 1217
2 1694 1935
2 1736 1817
2 1114 1488
2 1820 1862
2 489 1460
2 227 1206
2 1359 1982
2 1046 1439
2 208 1131
2 1941 1968
2 141 1820
2 1559 1713
2 391 811
2 1154 1456
2 642 1512
2 1161 1449
2 914 981
2 903 954
2 1208 1779
2 364 927
2 337 1219
2 72 123
2 1323 1872
2 511 1478
2 1321 1480
2 736 985
2 200 227
2 997 1611
2 773 1171
2 847 945
2 977 1895
2 908 1247
2 1854 1991
2 783 1659
2 133 1978
2 1601 1630
2 1142 1678
2 858 939
2 1371 1418
2 1861 1979
2 128 1823
2 1080 1540
2 1696 1837
2 834 1876
2 737 1081
2 568 574
2 1393 1907
2 1247 1602
2 787 1878
2 233 1332
2 1127 1765
2 841 1992
2 503 1098
2 352 922
2 1206 1727
2 941 1306
2 822 1284
2 345 732
2 924 1811
2 1689 1753
2 197 211
2 1693 1763
2 440 1453
2 409 1192
2 46 725
2 534 2000
2 238 1113
2 1965 1999
2 443 1749
2 1070 1602
2 1399 1444
2 1375 1500
2 551 1207
2 1987 1991
2 1662 1858
2 1588 1639
2 1663 1742
2 949 1389
2 1963 1991
2 1345 1952
2 120 1537
2 700 1747
2 1005 1081
2 15 153
2 765 1241
2 1080 1104
2 276 523
2 1903 1984
2 748 1375
2 558 1696
2 856 1198
2 1859 1930
2 606 906
2 1849 1870
2 1262 1657
2 245 368
2 608 1237
2 1251 1272
2 1988 1998
2 920 989
2 108 726
2 233 1324
2 1160 1929
2 1119 1440
2 1912 1941
2 119 1660
2 264 325
2 1463 1881
2 797 1839
2 817 1233
2 1906 1988
2 1634 1868
2 1765 1843
2 253 715
2 1735 1782
2 775 1617
2 1457 1946
2 183 256
2 1733 1776
2 1073 2000
2 1785 1852
2 779 1958
2 645 1539
2 1127 1132
2 24 219
2 1391 1908
2 1536 1577
2 1303 1780
2 1940 1978
2 672 680
2 1097 1734
2 1275 1976
2 361 936
2 986 1512
2 749 789
2 1026 1991
2 387 1111
2 830 1364
2 669 1353
2 1205 1291
2 1638 1737
2 322 1349
2 630 810
2 416 1145
2 1662 1702
2 1389 1911
2 1421 1817
2 762 1356
2 1672 1836
2 1609 1689
2 617 848
2 1135 1690
2 1371 1971
2 1001 1555
2 764 1373
2 1673 1919
2 1948 1969
2 1314 1706
2 107 280
2 220 1818
2 1154 1457
2 1203 1968
2 899 1454
2 207 1942
2 1322 1764
2 833 1307
2 752 781
2 1301 1692
2 1874 1984
2 985 1867
2 1243 1374
2 1269 1515
2 618 936
2 305 753
2 198 433
2 1462 1469
2 1108 1615
2 88 1822
2 1871 1970
2 696 1486
2 98 1983
2 1377 1928
2 1218 1639
2 1737 1994
2 1726 1780
2 464 507
2 485 1443
2 1347 1394
2 875 917
2 1647 1982
2 386 826
2 669 1419
2 1725 1921
2 1428 1945
2 961 1389
2 623 1720
2 1788 1880
2 1018 1389
2 1739 1786
2 643 959
2 1914 1963
2 1738 1942
2 1370 1962
2 788 1542
2 1918 1976
2 532 767
2 898 1487
2 1129 1199
2 1334 1430
2 362 1969
2 1212 1632
2 469 1953
2 1287 1630
2 1195 1631
2 1645 1843
2 1688 1963
2 1263 1626
2 501 1937
2 8 326
2 1970 1985
2 1130 1177
2 1329 1383
2 1523 1881
2 1947 1947
2 243 1941
2 1991 1999
2 249 805
2 947 1706
2 808 1714
2 491 1488
2 1820 1854
2 10 1341
2 195 1575
2 1900 1986
2 255 1363
2 149 732
2 947 988
2 165 381
2 205 1608
2 69 282
2 1306 1529
2 469 1875
2 1742 1915
2 2 1054
2 390 1230
2 17 583
2 580 1649
2 1920 1956
2 521 995
2 1618 1807
2 619 836
2 398 1317
2 450 557
2 1549 1706
2 834 1987
2 1381 1891
2 1119 1848
2 84 137
2 1160 1480
2 693 842
2 432 710
2 1857 1885
2 961 1279
2 1655 1733
2 988 1573
2 827 1131
2 1262 1702
2 25 1636
2 1650 1947
2 1100 1945
2 1157 1348
2 1051 1275
2 98 1991
2 599 1777
2 182 1872
2 1956 1993
2 773 944
2 213 577
2 1174 1341
2 1254 1940
2 1693 1907
2 938 1479
2 1996 1998
2 1085 1753
2 1230 1552
2 1899 1910
2 871 1291
2 7 1518
2 1780 1976
2 1061 1814
2 882 1701
2 691 1927
2 1847 1865
2 400 1079
2 125 1332
2 507 1097
2 22 659
2 1118 2000
2 859 1895
2 1838 1847
2 1363 1882
2 1395 1640
2 1894 1953
2 1011 1720
2 1087 1674
2 1706 2000
2 629 1683
2 406 717
2 1461 1642
2 1916 1997
2 1407 1569
2 105 827
2 1073 1851
2 1372 1596
2 1271 1470
2 1743 1864
2 1471 1674
2 575 1241
2 120 1936
2 1029 1087
2 541 1361
2 280 879
2 1827 1966
2 392 1216
2 214 675
2 579 1869
2 619 1915
2 1162 1715
2 1407 1525
2 1442 1987
2 909 1568
2 472 1103
2 341 855
2 1484 1883
2 283 1538
2 1647 1931
2 1505 1780
2 1404 1764
2 162 1415
2 172 560
2 1735 1926
2 863 1764
2 1811 1823
2 1612 1707
2 1651 1955
2 718 1309
2 1891 1892
2 1794 1898
2 371 1705
2 331 1028
2 360 728
2 1721 1799
2 731 1606
2 1299 1925
2 480 1952
2 1812 1993
2 1563 1878
2 86 1157
2 1399 1868
2 1868 1935
2 1763 1861
2 683 1535
2 837 1773
2 675 1113
2 298 569
2 1293 1757
2 205 877
2 1382 1592
2 1267 1539
2 301 402
2 1639 1932
2 239 725
2 958 1758
2 1762 1917
2 1273 1293
2 1483 1732
2 1551 1788
2 985 1544
2 297 642
2 1709 1930
2 1724 1960
2 1863 1921
2 1980 1984
2 750 981
2 199 1549
2 333 1416
2 40 1578
2 1219 1352
2 1528 1544
2 253 265
2 1106 1824
2 698 1179
2 1496 1622
2 27 1902
2 275 1035
2 346 592
2 614 1199
2 140 251
2 284 1909
2 1646 1867
2 1007 1890
2 294 1832
2 191 202
2 782 874
2 678 1280
2 360 1517
2 981 1703
2 1945 1994
2 267 1137
2 688 1825
2 814 1559
2 1199 1963
2 1049 1885
2 1067 1117
2 666 966
2 1272 1509
2 1544 1742
2 1080 1630
2 380 947
2 1269 1804
2 600 1642
2 309 406
2 1465 1859
2 782 941
2 132 445
2 1629 1742
2 1628 1993
2 230 1840
2 1383 1940
2 555 1670
2 1495 1754
2 300 1436
2 1529 1683
2 575 1111
2 846 1023
2 1113 1360
2 477 1462
2 553 1783
2 475 1686
2 812 1685
2 291 1320
2 813 1165
2 1709 1968
2 1558 1633
2 1693 1950
2 284 1748
2 401 1011
2 1985 1988
2 1517 1920
2 1748 1826
2 116 1162
2 1193 1915
2 1626 1926
2 433 1869
2 1046 1595
2 1082 1532
2 250 1664
2 92 632
2 1793 1812
2 742 1491
2 470 1358
2 312 1491
2 246 1857
2 1630 1680
2 734 1855
2 1856 1986
2 659 1729
2 844 1432
2 695 1713
2 1240 1828
2 1127 1486
2 1894 1899
2 1060 1566
2 1781 1813
2 667 961
2 1937 1970
2 539 1755
2 621 962
2 1793 1855
2 560 1223
2 1788 1909
2 753 1772
2 594 1134
2 293 1796
2 7 56
2 1024 1119
2 282 1759
2 1311 1749
2 1420 1809
2 296 1530
2 1144 1418
2 779 1007
2 172 1845
2 1616 1646
2 1112 1794
2 1599 1815
2 764 1672
2 357 1701
2 406 1671
2 681 1469
2 45 799
2 1305 1438
2 888 1475
2 1505 1866
2 557 1070
2 1337 1681
2 527 1404
2 1239 1677
2 1300 1728
2 1598 1972
2 522 947
2 946 1477
2 855 1205
2 80 785
2 1195 1669
2 928 1504
2 339 1718
2 1878 1953
2 490 651
2 518 1753
2 93 1197
2 849 1230
2 1440 1848
2 829 1788
2 414 753
2 1620 1847
2 1455 1641
2 1102 1205
2 1178 1819
2 177 570
2 752 1660
2 158 1774
2 727 1447
2 21 1880
2 1425 1666
2 1967 1999
2 1614 1903
2 283 1557
2 1544 1719
2 1134 1654
2 942 1217
2 1686 1778
2 742 958
2 641 1766
2 354 1622
2 1989 1993
2 1512 1814
2 436 1937
2 1 802
2 998 1871
2 568 861
2 244 513
2 964 1998
2 1981 1991
2 881 1810
2 37 953
2 1676 1829
2 504 807
2 1 1764
2 1709 1993
2 144 1176
2 999 1554
2 459 1458
2 1478 1849
2 1640 1856
2 998 1885
2 985 1333
2 39 931
2 1639 1675
2 833 1494
2 118 1443
2 1683 1839
2 1409 1552
2 1968 1996
2 909 1596
2 1866 1876
2 285 376
2 935 1642
2 613 1162
2 1513 1518
2 985 1633
2 280 809
2 1809 1956
2 970 1610
2 920 1507
2 1048 1588
2 767 1194
2 1083 1513
2 1407 1455
2 1101 1553
2 873 1672
2 10 1856
2 1212 1718
2 595 1570
2 1245 1985
2 1109 1207
2 259 513
2 1748 1813
2 1493 1881
2 1123 1791
2 764 971
2 1595 1943
2 1255 1329
2 157 868
2 1106 1593
2 41 1794
2 200 990
2 428 1879
2 134 1975
2 210 1974
2 1608 1749
2 445 1220
2 1239 1269
2 1466 1968
2 1083 1463
2 976 1846
2 1842 1850
2 1596 1691
2 965 1244
2 603 1123
2 1742 1991
2 970 1616
2 418 1602
2 1714 1883
2 876 1595
2 1317 1596
2 531 1757
2 1685 1695
2 1150 1793
2 764 1375
2 761 1280
2 1907 1984
2 1757 1843
2 1150 1412
2 1030 1419
2 1664 1904
2 1933 1946
2 850 1312
2 1417 1528
2 1211 1346
2 367 1516
2 948 1423
2 1113 1520
2 322 445
2 1556 1726
2 101 613
2 1386 1903
2 646 1693
2 1998 1999
2 922 1851
2 41 186
2 360 1552
2 1899 1975
2 1233 1462
2 1646 1724
2 1077 1553
2 1649 1651
2 64 1999
2 632 839
2 1203 1292
2 1809 1915
2 1226 1406
2 1775 1909
2 1059 1713
2 1390 1576
2 898 1123
2 1409 1898
2 475 827
2 1422 1753
2 559 1513
2 996 1592
2 964 1185
2 152 254
2 466 1952
2 567 1261
2 1723 1941
2 73 620
2 1862 2000
2 1509 1556
2 843 1000
2 895 1958
2 1921 1965
2 148 916
2 1888 1950
2 223 1792
2 1055 1177
2 791 911
2 1981 1991
2 1498 1685
2 407 1651
2 979 1191
2 64 66
2 13 138
2 579 869
2 802 1261
2 676 1797
2 1541 1737
2 1681 1681
2 135 1364
2 1583 1870
2 855 1612
2 1090 1236
2 1623 1953
2 671 706
2 1891 1974
2 118 297
2 348 1962
2 1779 1815
2 1136 1204
2 1706 1921
2 1544 1680
2 860 1657
2 769 966
2 283 772
2 1793 1861
2 487 806
2 580 1807
2 1971 1979
2 212 1459
2 1579 1951
3 430 580 19
